{
 "cells": [
  {
   "cell_type": "markdown",
   "metadata": {},
   "source": [
    "### Ali Darabi - 810100264\n",
    "### Hesam Ramezanian - 810100248"
   ]
  },
  {
   "cell_type": "markdown",
   "metadata": {},
   "source": [
    "# Data Science - Project Phase 2"
   ]
  },
  {
   "cell_type": "code",
   "execution_count": 1,
   "metadata": {},
   "outputs": [
    {
     "name": "stderr",
     "output_type": "stream",
     "text": [
      "c:\\Users\\alida\\AppData\\Local\\Programs\\Python\\Python312\\Lib\\site-packages\\tqdm\\auto.py:21: TqdmWarning: IProgress not found. Please update jupyter and ipywidgets. See https://ipywidgets.readthedocs.io/en/stable/user_install.html\n",
      "  from .autonotebook import tqdm as notebook_tqdm\n"
     ]
    }
   ],
   "source": [
    "import pandas as pd\n",
    "import numpy as np\n",
    "import plotly.graph_objects as go\n",
    "from sklearn.preprocessing import StandardScaler\n",
    "from sklearn.model_selection import train_test_split\n",
    "import math\n",
    "from sklearn.linear_model import LinearRegression\n",
    "from sklearn.metrics import r2_score, mean_squared_error\n",
    "from sklearn.decomposition import PCA\n",
    "import matplotlib.pyplot as plt\n",
    "from tensorflow.keras.models import Sequential\n",
    "from tensorflow.keras.layers import Dense\n",
    "from tensorflow.keras.optimizers import Adam\n",
    "from tqdm.keras import TqdmCallback \n",
    "import xgboost as xgb\n",
    "from sklearn.tree import DecisionTreeClassifier\n",
    "from sklearn.metrics import accuracy_score, precision_score, recall_score, f1_score, classification_report, confusion_matrix\n",
    "import warnings"
   ]
  },
  {
   "cell_type": "code",
   "execution_count": 2,
   "metadata": {},
   "outputs": [
    {
     "name": "stdout",
     "output_type": "stream",
     "text": [
      "<class 'pandas.core.frame.DataFrame'>\n",
      "RangeIndex: 316397 entries, 0 to 316396\n",
      "Data columns (total 24 columns):\n",
      " #   Column               Non-Null Count   Dtype  \n",
      "---  ------               --------------   -----  \n",
      " 0   Lng                  316397 non-null  float64\n",
      " 1   Lat                  316397 non-null  float64\n",
      " 2   Cid                  316397 non-null  int64  \n",
      " 3   followers            316397 non-null  int64  \n",
      " 4   totalPrice           316397 non-null  float64\n",
      " 5   price                316397 non-null  int64  \n",
      " 6   square               316397 non-null  float64\n",
      " 7   livingRoom           316397 non-null  int64  \n",
      " 8   drawingRoom          316397 non-null  int64  \n",
      " 9   kitchen              316397 non-null  int64  \n",
      " 10  bathRoom             316397 non-null  int64  \n",
      " 11  buildingType         316397 non-null  float64\n",
      " 12  constructionTime     316397 non-null  int64  \n",
      " 13  renovationCondition  316397 non-null  int64  \n",
      " 14  buildingStructure    316397 non-null  int64  \n",
      " 15  ladderRatio          316397 non-null  float64\n",
      " 16  elevator             316397 non-null  float64\n",
      " 17  fiveYearsProperty    316397 non-null  int64  \n",
      " 18  subway               316397 non-null  int64  \n",
      " 19  district             316397 non-null  int64  \n",
      " 20  communityAverage     316397 non-null  float64\n",
      " 21  tradeTimeYear        316397 non-null  int64  \n",
      " 22  tradeTimeMonth       316397 non-null  int64  \n",
      " 23  floorNumber          316397 non-null  int64  \n",
      "dtypes: float64(8), int64(16)\n",
      "memory usage: 57.9 MB\n"
     ]
    }
   ],
   "source": [
    "df = pd.read_csv(\"P1-Data.csv\")\n",
    "df.info()"
   ]
  },
  {
   "cell_type": "markdown",
   "metadata": {},
   "source": [
    "<span style=\"color: cyan;\">We create the following columns in the EDA part: `tradeTimeYear`, `tradeTimeMonth`, and `floorNumber`.</span>"
   ]
  },
  {
   "cell_type": "markdown",
   "metadata": {},
   "source": [
    "## <span style=\"color: orange;\">**Part 1: Preprocessing**</span>"
   ]
  },
  {
   "cell_type": "markdown",
   "metadata": {},
   "source": [
    "<span style=\"color: cyan;\">**We did most of the preprocessing in Phase One.**</span>"
   ]
  },
  {
   "cell_type": "code",
   "execution_count": 3,
   "metadata": {},
   "outputs": [],
   "source": [
    "colToRemove = ['ladderRatio', 'tradeTimeMonth', 'Cid']\n",
    "df = df.drop(colToRemove, axis=1)"
   ]
  },
  {
   "cell_type": "markdown",
   "metadata": {},
   "source": [
    "<span style=\"color: cyan;\">We drop these columns because they have zero correlation with our target column.</span>"
   ]
  },
  {
   "cell_type": "code",
   "execution_count": 4,
   "metadata": {},
   "outputs": [],
   "source": [
    "df = df.drop('totalPrice', axis=1)"
   ]
  },
  {
   "cell_type": "markdown",
   "metadata": {},
   "source": [
    "<span style=\"color: cyan;\">We drop the `totalPrice` column because we can infer our target column from this column.</span>"
   ]
  },
  {
   "cell_type": "code",
   "execution_count": 5,
   "metadata": {},
   "outputs": [],
   "source": [
    "def removeOutliersIQR(column):\n",
    "    Q1 = df[column].quantile(0.25)\n",
    "    Q3 = df[column].quantile(0.75)\n",
    "    IQR = Q3 - Q1\n",
    "    lowerBound = Q1 - 1.5 * IQR\n",
    "    upperBound = Q3 + 1.5 * IQR\n",
    "    outliers = df[(df[column] < lowerBound) | (df[column] > upperBound)]\n",
    "    print(f\"Number of outliers in '{column}': {len(outliers)}\")\n",
    "    dfCleaned = df[~((df[column] < lowerBound) | (df[column] > upperBound))]\n",
    "    return dfCleaned"
   ]
  },
  {
   "cell_type": "code",
   "execution_count": 6,
   "metadata": {},
   "outputs": [
    {
     "name": "stdout",
     "output_type": "stream",
     "text": [
      "Number of outliers in 'price': 11545\n",
      "Number of outliers in 'communityAverage': 6778\n"
     ]
    }
   ],
   "source": [
    "df = removeOutliersIQR('price')\n",
    "df = removeOutliersIQR('communityAverage')"
   ]
  },
  {
   "cell_type": "markdown",
   "metadata": {},
   "source": [
    "<span style=\"color: cyan;\">We drop outliers in the `price` and `communityAverage` columns because they might cause our model to have high variance in the future.</span>"
   ]
  },
  {
   "cell_type": "code",
   "execution_count": 7,
   "metadata": {},
   "outputs": [],
   "source": [
    "columnsToStandardize = df.columns.difference(['Lat', 'Lng'])\n",
    "scaler = StandardScaler()\n",
    "scaler.fit(df[columnsToStandardize])\n",
    "df[columnsToStandardize] = scaler.transform(df[columnsToStandardize])"
   ]
  },
  {
   "cell_type": "markdown",
   "metadata": {},
   "source": [
    "<span style=\"color: cyan;\">We standardize our data to ensure that all features are on the same scale, which helps algorithms converge faster and prevents features with larger magnitudes from dominating those with smaller magnitudes during model training.</span>"
   ]
  },
  {
   "cell_type": "markdown",
   "metadata": {},
   "source": [
    "## <span style=\"color: orange;\">**Part 2: Feature Engineering and Selection**</span>"
   ]
  },
  {
   "cell_type": "code",
   "execution_count": 8,
   "metadata": {},
   "outputs": [],
   "source": [
    "quantiles = df['price'].quantile([0.33, 0.66])\n",
    "def classifyPrice(price):\n",
    "    if price <= quantiles[0.33]:\n",
    "        return 'Low'\n",
    "    elif price <= quantiles[0.66]:\n",
    "        return 'Medium'\n",
    "    else:\n",
    "        return 'High'\n",
    "df['PriceClass'] = df['price'].apply(classifyPrice)"
   ]
  },
  {
   "cell_type": "markdown",
   "metadata": {},
   "source": [
    "<span style=\"color:cyan\">We created a new column called `PriceClass` because our target column needs to be categorical for classification models.</span>"
   ]
  },
  {
   "cell_type": "code",
   "execution_count": 9,
   "metadata": {},
   "outputs": [],
   "source": [
    "targetColumn = 'price'\n",
    "X = df.drop(columns=[targetColumn])  \n",
    "y = df[targetColumn]  \n",
    "XTrain, XTest, yTrain, yTest = train_test_split(X, y, test_size=0.1, random_state=32)\n",
    "trainDf = pd.concat([XTrain, yTrain], axis=1)\n",
    "testDf = pd.concat([XTest, yTest], axis=1)"
   ]
  },
  {
   "cell_type": "code",
   "execution_count": 10,
   "metadata": {},
   "outputs": [],
   "source": [
    "trainDataPriceClass = trainDf['PriceClass']\n",
    "testDataPriceClass = testDf['PriceClass']\n",
    "trainDf = trainDf.drop('PriceClass', axis=1)\n",
    "testDf = testDf.drop('PriceClass', axis=1)\n",
    "XTrain = XTrain.drop('PriceClass', axis=1)\n",
    "XTest = XTest.drop('PriceClass', axis=1)"
   ]
  },
  {
   "cell_type": "code",
   "execution_count": 11,
   "metadata": {},
   "outputs": [],
   "source": [
    "def runLinearRegression(XTrain, XTest, yTrain, yTest):  \n",
    "    model = LinearRegression()\n",
    "    model.fit(XTrain, yTrain)\n",
    "    yPred = model.predict(XTest)\n",
    "    r2 = r2_score(yTest, yPred)\n",
    "    rmse = math.sqrt(mean_squared_error(yTest, yPred))\n",
    "    print(\"R2 Score:\", r2)\n",
    "    print(\"RMSE:\", rmse)"
   ]
  },
  {
   "cell_type": "code",
   "execution_count": 12,
   "metadata": {},
   "outputs": [
    {
     "name": "stdout",
     "output_type": "stream",
     "text": [
      "R2 Score: 0.7572994253126245\n",
      "RMSE: 0.4882987274090942\n"
     ]
    }
   ],
   "source": [
    "runLinearRegression(XTrain, XTest, yTrain, yTest)"
   ]
  },
  {
   "cell_type": "markdown",
   "metadata": {},
   "source": [
    "<span style=\"color: cyan;\">We train a regression model and calculate RMSE and R2 score before feature engineering so we can compare results afterward.</span>"
   ]
  },
  {
   "cell_type": "code",
   "execution_count": 13,
   "metadata": {},
   "outputs": [],
   "source": [
    "avgLng = 116.4074\n",
    "avgLat = 39.9042\n",
    "\n",
    "def haversineFormula(lon1, lat1, lon2, lat2):\n",
    "    lon1, lat1, lon2, lat2 = map(np.radians, [lon1, lat1, lon2, lat2])\n",
    "    dlon = lon2 - lon1\n",
    "    dlat = lat2 - lat1\n",
    "    a = np.sin(dlat / 2) ** 2 + np.cos(lat1) * np.cos(lat2) * np.sin(dlon / 2) ** 2\n",
    "    c = 2 * np.arctan2(np.sqrt(a), np.sqrt(1 - a))\n",
    "    r = 6371\n",
    "    return 1/(1+(c * r))\n",
    "\n",
    "trainDf['distanceToCenter'] = trainDf.apply(lambda row: haversineFormula(row['Lng'], row['Lat'], avgLng, avgLat), axis=1)\n",
    "testDf['distanceToCenter'] = testDf.apply(lambda row: haversineFormula(row['Lng'], row['Lat'], avgLng, avgLat), axis=1)\n",
    "colToRemove = ['Lng', 'Lat']\n",
    "trainDf = trainDf.drop(colToRemove, axis=1)\n",
    "testDf = testDf.drop(colToRemove, axis=1)"
   ]
  },
  {
   "cell_type": "markdown",
   "metadata": {},
   "source": [
    "<span style=\"color:cyan\">Based on the previous phase, we understand that there is a relationship between house prices and the distance to the city center. Therefore, we created a new column called `distanceToCenter`.</span>"
   ]
  },
  {
   "cell_type": "code",
   "execution_count": 14,
   "metadata": {},
   "outputs": [
    {
     "data": {
      "text/html": [
       "<div>\n",
       "<style scoped>\n",
       "    .dataframe tbody tr th:only-of-type {\n",
       "        vertical-align: middle;\n",
       "    }\n",
       "\n",
       "    .dataframe tbody tr th {\n",
       "        vertical-align: top;\n",
       "    }\n",
       "\n",
       "    .dataframe thead th {\n",
       "        text-align: right;\n",
       "    }\n",
       "</style>\n",
       "<table border=\"1\" class=\"dataframe\">\n",
       "  <thead>\n",
       "    <tr style=\"text-align: right;\">\n",
       "      <th></th>\n",
       "      <th>followers</th>\n",
       "      <th>square</th>\n",
       "      <th>livingRoom</th>\n",
       "      <th>drawingRoom</th>\n",
       "      <th>kitchen</th>\n",
       "      <th>bathRoom</th>\n",
       "      <th>buildingType</th>\n",
       "      <th>constructionTime</th>\n",
       "      <th>renovationCondition</th>\n",
       "      <th>buildingStructure</th>\n",
       "      <th>elevator</th>\n",
       "      <th>fiveYearsProperty</th>\n",
       "      <th>subway</th>\n",
       "      <th>district</th>\n",
       "      <th>communityAverage</th>\n",
       "      <th>tradeTimeYear</th>\n",
       "      <th>floorNumber</th>\n",
       "      <th>price</th>\n",
       "      <th>distanceToCenter</th>\n",
       "      <th>districtLevel</th>\n",
       "    </tr>\n",
       "  </thead>\n",
       "  <tbody>\n",
       "    <tr>\n",
       "      <th>0</th>\n",
       "      <td>-0.421912</td>\n",
       "      <td>-0.166916</td>\n",
       "      <td>-1.313392</td>\n",
       "      <td>-0.338683</td>\n",
       "      <td>0.052225</td>\n",
       "      <td>-0.440956</td>\n",
       "      <td>-1.571416</td>\n",
       "      <td>0.054549</td>\n",
       "      <td>-1.209114</td>\n",
       "      <td>0.797615</td>\n",
       "      <td>0.841453</td>\n",
       "      <td>-1.352681</td>\n",
       "      <td>0.830900</td>\n",
       "      <td>0.113412</td>\n",
       "      <td>0.108841</td>\n",
       "      <td>-1.051244</td>\n",
       "      <td>2.353706</td>\n",
       "      <td>0.039759</td>\n",
       "      <td>0.091180</td>\n",
       "      <td>9</td>\n",
       "    </tr>\n",
       "    <tr>\n",
       "      <th>1</th>\n",
       "      <td>-0.392354</td>\n",
       "      <td>1.106654</td>\n",
       "      <td>1.293347</td>\n",
       "      <td>1.572176</td>\n",
       "      <td>0.052225</td>\n",
       "      <td>1.897958</td>\n",
       "      <td>0.785036</td>\n",
       "      <td>0.766980</td>\n",
       "      <td>1.069568</td>\n",
       "      <td>0.797615</td>\n",
       "      <td>-1.188421</td>\n",
       "      <td>0.739273</td>\n",
       "      <td>0.830900</td>\n",
       "      <td>-0.247828</td>\n",
       "      <td>-1.011557</td>\n",
       "      <td>0.162215</td>\n",
       "      <td>-0.949416</td>\n",
       "      <td>-0.913137</td>\n",
       "      <td>0.048354</td>\n",
       "      <td>5</td>\n",
       "    </tr>\n",
       "    <tr>\n",
       "      <th>2</th>\n",
       "      <td>-0.067219</td>\n",
       "      <td>1.170736</td>\n",
       "      <td>1.293347</td>\n",
       "      <td>1.572176</td>\n",
       "      <td>0.052225</td>\n",
       "      <td>1.897958</td>\n",
       "      <td>-0.000448</td>\n",
       "      <td>0.766980</td>\n",
       "      <td>-1.209114</td>\n",
       "      <td>0.797615</td>\n",
       "      <td>0.841453</td>\n",
       "      <td>0.739273</td>\n",
       "      <td>-1.203515</td>\n",
       "      <td>0.113412</td>\n",
       "      <td>-0.141311</td>\n",
       "      <td>0.768944</td>\n",
       "      <td>1.718490</td>\n",
       "      <td>-0.226529</td>\n",
       "      <td>0.088598</td>\n",
       "      <td>9</td>\n",
       "    </tr>\n",
       "    <tr>\n",
       "      <th>3</th>\n",
       "      <td>-0.362796</td>\n",
       "      <td>-0.765669</td>\n",
       "      <td>-0.010022</td>\n",
       "      <td>-0.338683</td>\n",
       "      <td>0.052225</td>\n",
       "      <td>-0.440956</td>\n",
       "      <td>0.785036</td>\n",
       "      <td>-0.895360</td>\n",
       "      <td>0.310007</td>\n",
       "      <td>-1.314929</td>\n",
       "      <td>-1.188421</td>\n",
       "      <td>0.739273</td>\n",
       "      <td>0.830900</td>\n",
       "      <td>0.835892</td>\n",
       "      <td>-0.690854</td>\n",
       "      <td>0.162215</td>\n",
       "      <td>-0.949416</td>\n",
       "      <td>-0.597450</td>\n",
       "      <td>0.060895</td>\n",
       "      <td>7</td>\n",
       "    </tr>\n",
       "    <tr>\n",
       "      <th>4</th>\n",
       "      <td>-0.096777</td>\n",
       "      <td>-0.242700</td>\n",
       "      <td>-0.010022</td>\n",
       "      <td>-0.338683</td>\n",
       "      <td>0.052225</td>\n",
       "      <td>-0.440956</td>\n",
       "      <td>0.785036</td>\n",
       "      <td>0.885719</td>\n",
       "      <td>1.069568</td>\n",
       "      <td>0.797615</td>\n",
       "      <td>0.841453</td>\n",
       "      <td>0.739273</td>\n",
       "      <td>0.830900</td>\n",
       "      <td>0.474652</td>\n",
       "      <td>0.575416</td>\n",
       "      <td>0.768944</td>\n",
       "      <td>0.575102</td>\n",
       "      <td>1.090296</td>\n",
       "      <td>0.055900</td>\n",
       "      <td>10</td>\n",
       "    </tr>\n",
       "    <tr>\n",
       "      <th>...</th>\n",
       "      <td>...</td>\n",
       "      <td>...</td>\n",
       "      <td>...</td>\n",
       "      <td>...</td>\n",
       "      <td>...</td>\n",
       "      <td>...</td>\n",
       "      <td>...</td>\n",
       "      <td>...</td>\n",
       "      <td>...</td>\n",
       "      <td>...</td>\n",
       "      <td>...</td>\n",
       "      <td>...</td>\n",
       "      <td>...</td>\n",
       "      <td>...</td>\n",
       "      <td>...</td>\n",
       "      <td>...</td>\n",
       "      <td>...</td>\n",
       "      <td>...</td>\n",
       "      <td>...</td>\n",
       "      <td>...</td>\n",
       "    </tr>\n",
       "    <tr>\n",
       "      <th>268261</th>\n",
       "      <td>-0.185450</td>\n",
       "      <td>-0.862350</td>\n",
       "      <td>-1.313392</td>\n",
       "      <td>-0.338683</td>\n",
       "      <td>0.052225</td>\n",
       "      <td>-0.440956</td>\n",
       "      <td>-0.000448</td>\n",
       "      <td>0.648242</td>\n",
       "      <td>1.069568</td>\n",
       "      <td>0.797615</td>\n",
       "      <td>0.841453</td>\n",
       "      <td>0.739273</td>\n",
       "      <td>-1.203515</td>\n",
       "      <td>-1.692788</td>\n",
       "      <td>-0.183554</td>\n",
       "      <td>0.162215</td>\n",
       "      <td>1.083275</td>\n",
       "      <td>-0.641591</td>\n",
       "      <td>0.131270</td>\n",
       "      <td>8</td>\n",
       "    </tr>\n",
       "    <tr>\n",
       "      <th>268262</th>\n",
       "      <td>-0.481027</td>\n",
       "      <td>-1.251582</td>\n",
       "      <td>-1.313392</td>\n",
       "      <td>-0.338683</td>\n",
       "      <td>0.052225</td>\n",
       "      <td>-0.440956</td>\n",
       "      <td>-1.571416</td>\n",
       "      <td>-1.964007</td>\n",
       "      <td>-1.209114</td>\n",
       "      <td>-1.314929</td>\n",
       "      <td>0.841453</td>\n",
       "      <td>0.739273</td>\n",
       "      <td>0.830900</td>\n",
       "      <td>1.197132</td>\n",
       "      <td>2.518991</td>\n",
       "      <td>-1.657973</td>\n",
       "      <td>0.321016</td>\n",
       "      <td>0.688754</td>\n",
       "      <td>0.159946</td>\n",
       "      <td>12</td>\n",
       "    </tr>\n",
       "    <tr>\n",
       "      <th>268263</th>\n",
       "      <td>0.908185</td>\n",
       "      <td>-0.811363</td>\n",
       "      <td>-0.010022</td>\n",
       "      <td>-0.338683</td>\n",
       "      <td>0.052225</td>\n",
       "      <td>-0.440956</td>\n",
       "      <td>0.785036</td>\n",
       "      <td>-1.132837</td>\n",
       "      <td>0.310007</td>\n",
       "      <td>-1.314929</td>\n",
       "      <td>-1.188421</td>\n",
       "      <td>0.739273</td>\n",
       "      <td>-1.203515</td>\n",
       "      <td>0.474652</td>\n",
       "      <td>0.470215</td>\n",
       "      <td>1.375674</td>\n",
       "      <td>-0.949416</td>\n",
       "      <td>1.474563</td>\n",
       "      <td>0.078608</td>\n",
       "      <td>10</td>\n",
       "    </tr>\n",
       "    <tr>\n",
       "      <th>268264</th>\n",
       "      <td>-0.451469</td>\n",
       "      <td>-1.076609</td>\n",
       "      <td>-1.313392</td>\n",
       "      <td>-0.338683</td>\n",
       "      <td>0.052225</td>\n",
       "      <td>-0.440956</td>\n",
       "      <td>0.785036</td>\n",
       "      <td>-1.014098</td>\n",
       "      <td>-1.209114</td>\n",
       "      <td>-1.314929</td>\n",
       "      <td>-1.188421</td>\n",
       "      <td>0.739273</td>\n",
       "      <td>0.830900</td>\n",
       "      <td>0.113412</td>\n",
       "      <td>0.657788</td>\n",
       "      <td>-0.444514</td>\n",
       "      <td>-0.949416</td>\n",
       "      <td>0.483997</td>\n",
       "      <td>0.089898</td>\n",
       "      <td>9</td>\n",
       "    </tr>\n",
       "    <tr>\n",
       "      <th>268265</th>\n",
       "      <td>0.937743</td>\n",
       "      <td>-0.908880</td>\n",
       "      <td>-0.010022</td>\n",
       "      <td>-0.338683</td>\n",
       "      <td>0.052225</td>\n",
       "      <td>-0.440956</td>\n",
       "      <td>0.785036</td>\n",
       "      <td>-1.607791</td>\n",
       "      <td>0.310007</td>\n",
       "      <td>-0.258657</td>\n",
       "      <td>-1.188421</td>\n",
       "      <td>0.739273</td>\n",
       "      <td>0.830900</td>\n",
       "      <td>-2.054028</td>\n",
       "      <td>2.297417</td>\n",
       "      <td>0.768944</td>\n",
       "      <td>-1.076459</td>\n",
       "      <td>2.529433</td>\n",
       "      <td>0.241996</td>\n",
       "      <td>11</td>\n",
       "    </tr>\n",
       "  </tbody>\n",
       "</table>\n",
       "<p>268266 rows × 20 columns</p>\n",
       "</div>"
      ],
      "text/plain": [
       "        followers    square  livingRoom  drawingRoom   kitchen  bathRoom  \\\n",
       "0       -0.421912 -0.166916   -1.313392    -0.338683  0.052225 -0.440956   \n",
       "1       -0.392354  1.106654    1.293347     1.572176  0.052225  1.897958   \n",
       "2       -0.067219  1.170736    1.293347     1.572176  0.052225  1.897958   \n",
       "3       -0.362796 -0.765669   -0.010022    -0.338683  0.052225 -0.440956   \n",
       "4       -0.096777 -0.242700   -0.010022    -0.338683  0.052225 -0.440956   \n",
       "...           ...       ...         ...          ...       ...       ...   \n",
       "268261  -0.185450 -0.862350   -1.313392    -0.338683  0.052225 -0.440956   \n",
       "268262  -0.481027 -1.251582   -1.313392    -0.338683  0.052225 -0.440956   \n",
       "268263   0.908185 -0.811363   -0.010022    -0.338683  0.052225 -0.440956   \n",
       "268264  -0.451469 -1.076609   -1.313392    -0.338683  0.052225 -0.440956   \n",
       "268265   0.937743 -0.908880   -0.010022    -0.338683  0.052225 -0.440956   \n",
       "\n",
       "        buildingType  constructionTime  renovationCondition  \\\n",
       "0          -1.571416          0.054549            -1.209114   \n",
       "1           0.785036          0.766980             1.069568   \n",
       "2          -0.000448          0.766980            -1.209114   \n",
       "3           0.785036         -0.895360             0.310007   \n",
       "4           0.785036          0.885719             1.069568   \n",
       "...              ...               ...                  ...   \n",
       "268261     -0.000448          0.648242             1.069568   \n",
       "268262     -1.571416         -1.964007            -1.209114   \n",
       "268263      0.785036         -1.132837             0.310007   \n",
       "268264      0.785036         -1.014098            -1.209114   \n",
       "268265      0.785036         -1.607791             0.310007   \n",
       "\n",
       "        buildingStructure  elevator  fiveYearsProperty    subway  district  \\\n",
       "0                0.797615  0.841453          -1.352681  0.830900  0.113412   \n",
       "1                0.797615 -1.188421           0.739273  0.830900 -0.247828   \n",
       "2                0.797615  0.841453           0.739273 -1.203515  0.113412   \n",
       "3               -1.314929 -1.188421           0.739273  0.830900  0.835892   \n",
       "4                0.797615  0.841453           0.739273  0.830900  0.474652   \n",
       "...                   ...       ...                ...       ...       ...   \n",
       "268261           0.797615  0.841453           0.739273 -1.203515 -1.692788   \n",
       "268262          -1.314929  0.841453           0.739273  0.830900  1.197132   \n",
       "268263          -1.314929 -1.188421           0.739273 -1.203515  0.474652   \n",
       "268264          -1.314929 -1.188421           0.739273  0.830900  0.113412   \n",
       "268265          -0.258657 -1.188421           0.739273  0.830900 -2.054028   \n",
       "\n",
       "        communityAverage  tradeTimeYear  floorNumber     price  \\\n",
       "0               0.108841      -1.051244     2.353706  0.039759   \n",
       "1              -1.011557       0.162215    -0.949416 -0.913137   \n",
       "2              -0.141311       0.768944     1.718490 -0.226529   \n",
       "3              -0.690854       0.162215    -0.949416 -0.597450   \n",
       "4               0.575416       0.768944     0.575102  1.090296   \n",
       "...                  ...            ...          ...       ...   \n",
       "268261         -0.183554       0.162215     1.083275 -0.641591   \n",
       "268262          2.518991      -1.657973     0.321016  0.688754   \n",
       "268263          0.470215       1.375674    -0.949416  1.474563   \n",
       "268264          0.657788      -0.444514    -0.949416  0.483997   \n",
       "268265          2.297417       0.768944    -1.076459  2.529433   \n",
       "\n",
       "        distanceToCenter  districtLevel  \n",
       "0               0.091180              9  \n",
       "1               0.048354              5  \n",
       "2               0.088598              9  \n",
       "3               0.060895              7  \n",
       "4               0.055900             10  \n",
       "...                  ...            ...  \n",
       "268261          0.131270              8  \n",
       "268262          0.159946             12  \n",
       "268263          0.078608             10  \n",
       "268264          0.089898              9  \n",
       "268265          0.241996             11  \n",
       "\n",
       "[268266 rows x 20 columns]"
      ]
     },
     "execution_count": 14,
     "metadata": {},
     "output_type": "execute_result"
    }
   ],
   "source": [
    "medianPrices = trainDf.groupby('district')['price'].median().sort_values()\n",
    "districtLevel = medianPrices.reset_index().reset_index().rename(columns={'index': 'districtLevel'})\n",
    "trainDf = trainDf.merge(districtLevel[['district', 'districtLevel']], on='district', how='left')\n",
    "testDf = testDf.merge(districtLevel[['district', 'districtLevel']], on='district', how='left')\n",
    "trainDf"
   ]
  },
  {
   "cell_type": "markdown",
   "metadata": {},
   "source": [
    "<span style=\"color:cyan\">According to the previous phase, we understand that there is a relationship between house prices and the district they are in. Therefore, we sorted districts according to the median price and created a new column called `districtLevel`.</span>"
   ]
  },
  {
   "cell_type": "code",
   "execution_count": 15,
   "metadata": {},
   "outputs": [
    {
     "data": {
      "application/vnd.plotly.v1+json": {
       "config": {
        "plotlyServerURL": "https://plot.ly"
       },
       "data": [
        {
         "colorscale": [
          [
           0,
           "#440154"
          ],
          [
           0.1111111111111111,
           "#482878"
          ],
          [
           0.2222222222222222,
           "#3e4989"
          ],
          [
           0.3333333333333333,
           "#31688e"
          ],
          [
           0.4444444444444444,
           "#26828e"
          ],
          [
           0.5555555555555556,
           "#1f9e89"
          ],
          [
           0.6666666666666666,
           "#35b779"
          ],
          [
           0.7777777777777778,
           "#6ece58"
          ],
          [
           0.8888888888888888,
           "#b5de2b"
          ],
          [
           1,
           "#fde725"
          ]
         ],
         "text": [
          [
           1,
           -0.04808346693206001,
           -0.007099192777431068,
           -0.05256015756765095,
           0.009940473540795207,
           -0.033952217347563644,
           0.012995616753726517,
           -0.01391144002259158,
           0.239743077280207,
           -0.02237493250739495,
           -0.02180474324881377,
           0.05048724796608319,
           0.011880655761095567,
           -0.03575385519779186,
           -0.031246020155131574,
           0.395657834063571,
           -0.017305089074085823,
           0.27862760901176703,
           0.012017599455940569,
           0.03236902695502368
          ],
          [
           -0.04808346693206001,
           1,
           0.7261775432548886,
           0.6148313602373119,
           0.07685929425721748,
           0.7290058886939248,
           -0.010645853683967123,
           0.3409218376539201,
           0.03545418813645378,
           0.14303632352534365,
           0.17582819248734022,
           -0.01237615853458705,
           -0.08693303587686935,
           0.0066116540803487535,
           -0.13062169059896625,
           0.012009526374286327,
           0.14673623202885136,
           -0.14855516044441483,
           -0.17641150373143852,
           -0.14557689651892597
          ],
          [
           -0.007099192777431068,
           0.7261775432548886,
           1,
           0.48858188176179473,
           0.09270843090579581,
           0.5489471221587187,
           0.12630212589956133,
           -0.0007859792316890735,
           0.009848190362078851,
           -0.07314077688236253,
           -0.07739874984009174,
           0.05141768204074973,
           -0.060772795269108046,
           0.014649335613980399,
           -0.0634441177405606,
           0.013973127171913877,
           -0.0961446268589685,
           -0.07485578187430143,
           -0.10271646517581315,
           -0.09462911221500506
          ],
          [
           -0.05256015756765095,
           0.6148313602373119,
           0.48858188176179473,
           1,
           0.12052198044034741,
           0.5157611191646071,
           0.08333657646987941,
           0.1926553745883354,
           -0.007990303671088331,
           0.042352294146773224,
           0.04299352907101613,
           0.012433845968704714,
           -0.08971360388131966,
           0.018401124728666642,
           -0.08086972554003699,
           -0.06057686277019211,
           0.018966240882523966,
           -0.11403762684362664,
           -0.15467240553120423,
           -0.12547180427648455
          ],
          [
           0.009940473540795207,
           0.07685929425721748,
           0.09270843090579581,
           0.12052198044034741,
           1,
           0.10249322388485699,
           0.017227637969538665,
           -0.023210416963761294,
           -0.009734075217542295,
           -0.010088270691949222,
           -0.009919440561050518,
           0.044599729857952235,
           0.015392719064817846,
           -0.04608890705894738,
           0.0351834675583813,
           0.025233058786739922,
           -0.014020224024508974,
           0.038017846406792836,
           0.010913312832409063,
           0.037802707680821536
          ],
          [
           -0.033952217347563644,
           0.7290058886939248,
           0.5489471221587187,
           0.5157611191646071,
           0.10249322388485699,
           1,
           0.032599270781241904,
           0.23498672261805992,
           0.023705977380160812,
           0.10203165775723531,
           0.11897601621952217,
           -0.027830075292132828,
           -0.056322058990812364,
           0.006583106819652376,
           -0.05077758633102027,
           0.005597585650445091,
           0.06122816061872882,
           -0.06992864925534717,
           -0.110798046459872,
           -0.08746706731434957
          ],
          [
           0.012995616753726517,
           -0.010645853683967123,
           0.12630212589956133,
           0.08333657646987941,
           0.017227637969538665,
           0.032599270781241904,
           1,
           -0.13038734935486124,
           -0.01123911438618232,
           -0.5472903292245246,
           -0.6287087179269694,
           -0.00030035726724809996,
           -0.1562654165338354,
           0.04858785342308161,
           -0.14252102128640945,
           0.009713965430663444,
           -0.7338752402043555,
           -0.08197363887148656,
           -0.17927419636855843,
           -0.2280524590539359
          ],
          [
           -0.01391144002259158,
           0.3409218376539201,
           -0.0007859792316890735,
           0.1926553745883354,
           -0.023210416963761294,
           0.23498672261805992,
           -0.13038734935486124,
           1,
           0.07124843182650749,
           0.41544343407304585,
           0.4404308001885285,
           -0.22890893308948576,
           -0.159631583712032,
           -0.051962210411228324,
           -0.24995057442490137,
           0.05998046775009074,
           0.38010067761810395,
           -0.168213425701111,
           -0.2895268700612498,
           -0.27557754643925
          ],
          [
           0.239743077280207,
           0.03545418813645378,
           0.009848190362078851,
           -0.007990303671088331,
           -0.009734075217542295,
           0.023705977380160812,
           -0.01123911438618232,
           0.07124843182650749,
           1,
           0.04880489135663654,
           0.052344649042141526,
           0.12327821152801591,
           -0.00041494078782962075,
           -0.009389147021970568,
           -0.005394634697364604,
           0.6535566926237303,
           0.044345561833518926,
           0.32561700239691493,
           -0.01565999968617654,
           0.00034345009076944315
          ],
          [
           -0.02237493250739495,
           0.14303632352534365,
           -0.07314077688236253,
           0.042352294146773224,
           -0.010088270691949222,
           0.10203165775723531,
           -0.5472903292245246,
           0.41544343407304585,
           0.04880489135663654,
           1,
           0.8269358148477896,
           -0.12167696226644706,
           0.10128418441968323,
           -0.08263938755260906,
           0.15653521355805688,
           0.024001030716546676,
           0.6833105087136301,
           0.10998663458112842,
           0.11116880433998691,
           0.16486831419065404
          ],
          [
           -0.02180474324881377,
           0.17582819248734022,
           -0.07739874984009174,
           0.04299352907101613,
           -0.009919440561050518,
           0.11897601621952217,
           -0.6287087179269694,
           0.4404308001885285,
           0.052344649042141526,
           0.8269358148477896,
           1,
           -0.1235260569799925,
           0.11235997053007464,
           -0.05953437506430855,
           0.14492463205099634,
           0.019400355877826674,
           0.7752239289835835,
           0.09641046569324149,
           0.08370470943614204,
           0.14433126135913482
          ],
          [
           0.05048724796608319,
           -0.01237615853458705,
           0.05141768204074973,
           0.012433845968704714,
           0.044599729857952235,
           -0.027830075292132828,
           -0.00030035726724809996,
           -0.22890893308948576,
           0.12327821152801591,
           -0.12167696226644706,
           -0.1235260569799925,
           1,
           0.06645295118318272,
           0.0058393210831461885,
           0.07945035564652815,
           0.02648693155634653,
           -0.10667106935452832,
           0.03040588988165427,
           0.10095132310382242,
           0.10588321271415535
          ],
          [
           0.011880655761095567,
           -0.08693303587686935,
           -0.060772795269108046,
           -0.08971360388131966,
           0.015392719064817846,
           -0.056322058990812364,
           -0.1562654165338354,
           -0.159631583712032,
           -0.00041494078782962075,
           0.10128418441968323,
           0.11235997053007464,
           0.06645295118318272,
           1,
           -0.12067236339634851,
           0.3377627830142689,
           -0.025122694309696297,
           0.12719054488542275,
           0.22993951824455386,
           0.31170793659598756,
           0.28547107772995145
          ],
          [
           -0.03575385519779186,
           0.0066116540803487535,
           0.014649335613980399,
           0.018401124728666642,
           -0.04608890705894738,
           0.006583106819652376,
           0.04858785342308161,
           -0.051962210411228324,
           -0.009389147021970568,
           -0.08263938755260906,
           -0.05953437506430855,
           0.0058393210831461885,
           -0.12067236339634851,
           1,
           0.012354916225414755,
           -0.044981695199473135,
           -0.06176870921089462,
           -0.02769793339158744,
           -0.29083443119459873,
           -0.1974125879481739
          ],
          [
           -0.031246020155131574,
           -0.13062169059896625,
           -0.0634441177405606,
           -0.08086972554003699,
           0.0351834675583813,
           -0.05077758633102027,
           -0.14252102128640945,
           -0.24995057442490137,
           -0.005394634697364604,
           0.15653521355805688,
           0.14492463205099634,
           0.07945035564652815,
           0.3377627830142689,
           0.012354916225414755,
           1,
           -0.0663914917594041,
           0.11160823258295496,
           0.6232215221919921,
           0.5981140931111103,
           0.7148987706141189
          ],
          [
           0.395657834063571,
           0.012009526374286327,
           0.013973127171913877,
           -0.06057686277019211,
           0.025233058786739922,
           0.005597585650445091,
           0.009713965430663444,
           0.05998046775009074,
           0.6535566926237303,
           0.024001030716546676,
           0.019400355877826674,
           0.02648693155634653,
           -0.025122694309696297,
           -0.044981695199473135,
           -0.0663914917594041,
           1,
           0.028796369496001773,
           0.5511234430968123,
           -0.029171288739345234,
           -0.022748365720727103
          ],
          [
           -0.017305089074085823,
           0.14673623202885136,
           -0.0961446268589685,
           0.018966240882523966,
           -0.014020224024508974,
           0.06122816061872882,
           -0.7338752402043555,
           0.38010067761810395,
           0.044345561833518926,
           0.6833105087136301,
           0.7752239289835835,
           -0.10667106935452832,
           0.12719054488542275,
           -0.06176870921089462,
           0.11160823258295496,
           0.028796369496001773,
           1,
           0.07649270685003147,
           0.06688363202258907,
           0.16427992544693298
          ],
          [
           0.27862760901176703,
           -0.14855516044441483,
           -0.07485578187430143,
           -0.11403762684362664,
           0.038017846406792836,
           -0.06992864925534717,
           -0.08197363887148656,
           -0.168213425701111,
           0.32561700239691493,
           0.10998663458112842,
           0.09641046569324149,
           0.03040588988165427,
           0.22993951824455386,
           -0.02769793339158744,
           0.6232215221919921,
           0.5511234430968123,
           0.07649270685003147,
           1,
           0.38370345091851116,
           0.48892800978472895
